[QADPD]
Plots=15
QADPD_AM=14
QADPD_CHA_GAIN=   1.1900
QADPD_CHA_LAMBDA=   0.99980000
QADPD_CHA_M=3
QADPD_CHA_N=4
QADPD_CHA_ND=76
QADPD_CHB_GAIN=   1.0000
QADPD_CHB_LAMBDA=   0.99998000
QADPD_CHB_M=2
QADPD_CHB_N=4
QADPD_CHB_ND=281
QADPD_FFT1=14
QADPD_FFT2=5
QADPD_FFT3= 122.8800
QADPD_SKIP=100
QADPD_UPDATE=15000
QADPD_WINDOWFUNC=1
QADPD_YPFPGA=1
ValuePlot1=68
ValuePlot2=192
ValuePlot3=4096
ValuePlot4=393218
XaxisLeftPlot1=200
XaxisLeftPlot2=281
XaxisLeftPlot3=200
XaxisLeftPlot4=0
XaxisRightPlot1=400
XaxisRightPlot2=15000
XaxisRightPlot3=15000
XaxisRightPlot4=1000
YaxisBottomPlot1=-100
YaxisBottomPlot2=-100
YaxisBottomPlot3=-100
YaxisBottomPlot4=-100
YaxisTopPlot1=0
YaxisTopPlot2=0
YaxisTopPlot3=0
YaxisTopPlot4=0
coeffa_chA_0_0= -0.188387
coeffa_chA_0_1= -0.009606
coeffa_chA_0_2=  0.192215
coeffa_chA_0_3= -0.248058
coeffa_chA_1_0= -0.113857
coeffa_chA_1_1= -0.030921
coeffa_chA_1_2=  0.569647
coeffa_chA_1_3= -0.550028
coeffa_chA_2_0= -0.016181
coeffa_chA_2_1=  0.052755
coeffa_chA_2_2= -0.296849
coeffa_chA_2_3=  0.270483
coeffa_chA_3_0=  0.046686
coeffa_chA_3_1= -0.040446
coeffa_chA_3_2=  0.161994
coeffa_chA_3_3= -0.163313
coeffa_chA_4_0= -0.012794
coeffa_chA_4_1=  0.006644
coeffa_chA_4_2= -0.013019
coeffa_chA_4_3= -0.001523
coeffa_chB_0_0= -0.123318
coeffa_chB_0_1=  0.001629
coeffa_chB_0_2= -0.032270
coeffa_chB_1_0= -0.589742
coeffa_chB_1_1= -0.001884
coeffa_chB_1_2= -0.306341
coeffa_chB_2_0= -0.343972
coeffa_chB_2_1=  0.020401
coeffa_chB_2_2= -0.170431
coeffa_chB_3_0=  0.025737
coeffa_chB_3_1= -0.001574
coeffa_chB_3_2=  0.055962
coeffa_chB_4_0=  0.059269
coeffa_chB_4_1=  0.008267
coeffa_chB_4_2= -0.017016
coeffb_chA_0_0= -0.459290
coeffb_chA_0_1= -0.006016
coeffb_chA_0_2= -0.175898
coeffb_chA_0_3=  0.118750
coeffb_chA_1_0= -0.473596
coeffb_chA_1_1=  0.022764
coeffb_chA_1_2= -0.355792
coeffb_chA_1_3= -0.041838
coeffb_chA_2_0= -0.159044
coeffb_chA_2_1= -0.016994
coeffb_chA_2_2=  0.170166
coeffb_chA_2_3=  0.087006
coeffb_chA_3_0=  0.184865
coeffb_chA_3_1=  0.041539
coeffb_chA_3_2= -0.117236
coeffb_chA_3_3= -0.020056
coeffb_chA_4_0= -0.036017
coeffb_chA_4_1= -0.015884
coeffb_chA_4_2=  0.012428
coeffb_chA_4_3=  0.049390
coeffb_chB_0_0=  0.043064
coeffb_chB_0_1=  0.004678
coeffb_chB_0_2= -0.015525
coeffb_chB_1_0=  0.112620
coeffb_chB_1_1= -0.087338
coeffb_chB_1_2= -0.099453
coeffb_chB_2_0=  0.039100
coeffb_chB_2_1= -0.042524
coeffb_chB_2_2= -0.090027
coeffb_chB_3_0= -0.039067
coeffb_chB_3_1=  0.025523
coeffb_chB_3_2=  0.017497
coeffb_chB_4_0=  0.004522
coeffb_chB_4_1= -0.004385
coeffb_chB_4_2= -0.009276
coeffc_chA_0_0= -0.000840
coeffc_chA_1_0= -0.003629
coeffc_chA_2_0= -0.002301
coeffc_chA_3_0= -0.000115
coeffc_chA_4_0=  0.000248
coeffc_chB_0_0= -0.000811
coeffc_chB_1_0= -0.002441
coeffc_chB_2_0= -0.001052
coeffc_chB_3_0=  0.000081
coeffc_chB_4_0=  0.000685
coeffd_chA_0_0=  0.001499
coeffd_chA_1_0=  0.001440
coeffd_chA_2_0= -0.000340
coeffd_chA_3_0= -0.000871
coeffd_chA_4_0=  0.000326
coeffd_chB_0_0=  0.000694
coeffd_chB_1_0= -0.003184
coeffd_chB_2_0= -0.001906
coeffd_chB_3_0= -0.000609
coeffd_chB_4_0=  0.000444
coeffoi_chA= -0.000053
coeffoi_chB= -0.000302
coeffoq_chA= -0.000147
coeffoq_chB= -0.000027
dCenterFreqRatioPlot1=   0.0000
dCenterFreqRatioPlot2=   0.0000
dCenterFreqRatioPlot3=   0.0000
dCenterFreqRatioPlot4=   0.0000
dFreqSpanRatioPlot1=   0.0000
dFreqSpanRatioPlot2=   0.0000
dFreqSpanRatioPlot3=   0.0000
dFreqSpanRatioPlot4=   0.0000
iCenterFreqRatioPlot1=0
iCenterFreqRatioPlot2=0
iCenterFreqRatioPlot3=0
iCenterFreqRatioPlot4=0
iFreqSpanRatioPlot1=0
iFreqSpanRatioPlot2=0
iFreqSpanRatioPlot3=0
iFreqSpanRatioPlot4=0
