[QADPD]
ND_chA=79
ND_chB=76
QADPD_LAMBDA=  0.999980
QADPD_M=3
coeffa_chA_0_0=  0.117519
coeffa_chA_0_1= -0.013625
coeffa_chA_0_2=  0.027493
coeffa_chA_0_3= -0.041621
coeffa_chA_1_0=  0.175046
coeffa_chA_1_1=  0.040536
coeffa_chA_1_2= -0.649289
coeffa_chA_1_3=  0.658853
coeffa_chA_2_0=  0.036696
coeffa_chA_2_1= -0.052433
coeffa_chA_2_2=  0.264013
coeffa_chA_2_3= -0.294506
coeffa_chA_3_0= -0.054585
coeffa_chA_3_1=  0.019318
coeffa_chA_3_2= -0.090265
coeffa_chA_3_3=  0.112159
coeffa_chA_4_0=  0.010956
coeffa_chA_4_1= -0.006449
coeffa_chA_4_2=  0.045915
coeffa_chA_4_3= -0.080553
coeffa_chB_0_0= -0.052497
coeffa_chB_0_1= -0.006995
coeffa_chB_0_2=  0.016368
coeffa_chB_1_0= -0.312100
coeffa_chB_1_1= -0.055058
coeffa_chB_1_2= -0.174967
coeffa_chB_2_0= -0.181977
coeffa_chB_2_1= -0.007220
coeffa_chB_2_2=  0.026602
coeffa_chB_3_0=  0.011358
coeffa_chB_3_1= -0.003382
coeffa_chB_3_2= -0.003262
coeffa_chB_4_0=  0.058269
coeffa_chB_4_1=  0.006166
coeffa_chB_4_2= -0.002193
coeffb_chA_0_0=  0.276949
coeffb_chA_0_1=  0.035335
coeffb_chA_0_2= -0.047054
coeffb_chA_0_3=  0.124293
coeffb_chA_1_0=  0.580706
coeffb_chA_1_1= -0.022363
coeffb_chA_1_2=  0.397583
coeffb_chA_1_3= -0.033400
coeffb_chA_2_0=  0.244461
coeffb_chA_2_1=  0.005808
coeffb_chA_2_2= -0.108189
coeffb_chA_2_3=  0.010342
coeffb_chA_3_0= -0.171969
coeffb_chA_3_1= -0.010564
coeffb_chA_3_2=  0.013811
coeffb_chA_3_3=  0.034230
coeffb_chA_4_0=  0.015173
coeffb_chA_4_1=  0.006201
coeffb_chA_4_2= -0.019772
coeffb_chA_4_3=  0.015987
coeffb_chB_0_0=  0.097782
coeffb_chB_0_1=  0.009928
coeffb_chB_0_2= -0.018447
coeffb_chB_1_0=  0.562608
coeffb_chB_1_1= -0.019419
coeffb_chB_1_2=  0.144420
coeffb_chB_2_0=  0.315673
coeffb_chB_2_1=  0.006507
coeffb_chB_2_2=  0.012679
coeffb_chB_3_0= -0.043763
coeffb_chB_3_1=  0.006821
coeffb_chB_3_2= -0.001043
coeffb_chB_4_0= -0.014894
coeffb_chB_4_1= -0.006263
coeffb_chB_4_2=  0.002434
gain_chA=  1.291717
gain_chB=  1.281637
